== Original state
Card 1: 41 48 83 86 17 | 83 86  6 31 17  9 48 53   => 4
Card 2: 13 32 20 16 61 | 61 30 68 82 17 32 24 19   => 2
Card 3:  1 21 53 59 44 | 69 82 63 72 16 21 14  1   => 2
Card 4: 41 92 73 84 69 | 59 84 76 51 58  5 54 83   => 1
Card 5: 87 83 26 28 32 | 88 30 70 12 93 22 82 36   => 0
Card 6: 31 18 13 56 72 | 74 77 10 23 35 67 36 11   => 0

-----
== Play card 1: win 4x (2, 3, 4, 5)
Card 1: 41 48 83 86 17 | 83 86  6 31 17  9 48 53   => 4
Card 2: 13 32 20 16 61 | 61 30 68 82 17 32 24 19   => 2
Card 2: 13 32 20 16 61 | 61 30 68 82 17 32 24 19   => 2
Card 3:  1 21 53 59 44 | 69 82 63 72 16 21 14  1   => 2
Card 3:  1 21 53 59 44 | 69 82 63 72 16 21 14  1   => 2
Card 4: 41 92 73 84 69 | 59 84 76 51 58  5 54 83   => 1
Card 4: 41 92 73 84 69 | 59 84 76 51 58  5 54 83   => 1
Card 5: 87 83 26 28 32 | 88 30 70 12 93 22 82 36   => 0
Card 5: 87 83 26 28 32 | 88 30 70 12 93 22 82 36   => 0
Card 6: 31 18 13 56 72 | 74 77 10 23 35 67 36 11   => 0

== Play card 2: win 2x (3, 4) TWICE
Card 1: 41 48 83 86 17 | 83 86  6 31 17  9 48 53   => 4
Card 2: 13 32 20 16 61 | 61 30 68 82 17 32 24 19   => 2
Card 2: 13 32 20 16 61 | 61 30 68 82 17 32 24 19   => 2
Card 3:  1 21 53 59 44 | 69 82 63 72 16 21 14  1   => 2
Card 3:  1 21 53 59 44 | 69 82 63 72 16 21 14  1   => 2
Card 3:  1 21 53 59 44 | 69 82 63 72 16 21 14  1   => 2
Card 3:  1 21 53 59 44 | 69 82 63 72 16 21 14  1   => 2
Card 4: 41 92 73 84 69 | 59 84 76 51 58  5 54 83   => 1
Card 4: 41 92 73 84 69 | 59 84 76 51 58  5 54 83   => 1
Card 4: 41 92 73 84 69 | 59 84 76 51 58  5 54 83   => 1
Card 4: 41 92 73 84 69 | 59 84 76 51 58  5 54 83   => 1
Card 5: 87 83 26 28 32 | 88 30 70 12 93 22 82 36   => 0
Card 5: 87 83 26 28 32 | 88 30 70 12 93 22 82 36   => 0
Card 6: 31 18 13 56 72 | 74 77 10 23 35 67 36 11   => 0

== Play card 3: win 2x (4, 5) x4
Card 1: 41 48 83 86 17 | 83 86  6 31 17  9 48 53   => 4
Card 2: 13 32 20 16 61 | 61 30 68 82 17 32 24 19   => 2
Card 2: 13 32 20 16 61 | 61 30 68 82 17 32 24 19   => 2
Card 3:  1 21 53 59 44 | 69 82 63 72 16 21 14  1   => 2
Card 3:  1 21 53 59 44 | 69 82 63 72 16 21 14  1   => 2
Card 3:  1 21 53 59 44 | 69 82 63 72 16 21 14  1   => 2
Card 3:  1 21 53 59 44 | 69 82 63 72 16 21 14  1   => 2
Card 4: 41 92 73 84 69 | 59 84 76 51 58  5 54 83   => 1
Card 4: 41 92 73 84 69 | 59 84 76 51 58  5 54 83   => 1
Card 4: 41 92 73 84 69 | 59 84 76 51 58  5 54 83   => 1
Card 4: 41 92 73 84 69 | 59 84 76 51 58  5 54 83   => 1
Card 4: 41 92 73 84 69 | 59 84 76 51 58  5 54 83   => 1
Card 4: 41 92 73 84 69 | 59 84 76 51 58  5 54 83   => 1
Card 4: 41 92 73 84 69 | 59 84 76 51 58  5 54 83   => 1
Card 4: 41 92 73 84 69 | 59 84 76 51 58  5 54 83   => 1
Card 5: 87 83 26 28 32 | 88 30 70 12 93 22 82 36   => 0
Card 5: 87 83 26 28 32 | 88 30 70 12 93 22 82 36   => 0
Card 5: 87 83 26 28 32 | 88 30 70 12 93 22 82 36   => 0
Card 5: 87 83 26 28 32 | 88 30 70 12 93 22 82 36   => 0
Card 5: 87 83 26 28 32 | 88 30 70 12 93 22 82 36   => 0
Card 5: 87 83 26 28 32 | 88 30 70 12 93 22 82 36   => 0
Card 6: 31 18 13 56 72 | 74 77 10 23 35 67 36 11   => 0

== Play card 4: win 1x (5) x8
Card 1: 41 48 83 86 17 | 83 86  6 31 17  9 48 53   => 4
Card 2: 13 32 20 16 61 | 61 30 68 82 17 32 24 19   => 2
Card 2: 13 32 20 16 61 | 61 30 68 82 17 32 24 19   => 2
Card 3:  1 21 53 59 44 | 69 82 63 72 16 21 14  1   => 2
Card 3:  1 21 53 59 44 | 69 82 63 72 16 21 14  1   => 2
Card 3:  1 21 53 59 44 | 69 82 63 72 16 21 14  1   => 2
Card 3:  1 21 53 59 44 | 69 82 63 72 16 21 14  1   => 2
Card 4: 41 92 73 84 69 | 59 84 76 51 58  5 54 83   => 1
Card 4: 41 92 73 84 69 | 59 84 76 51 58  5 54 83   => 1
Card 4: 41 92 73 84 69 | 59 84 76 51 58  5 54 83   => 1
Card 4: 41 92 73 84 69 | 59 84 76 51 58  5 54 83   => 1
Card 4: 41 92 73 84 69 | 59 84 76 51 58  5 54 83   => 1
Card 4: 41 92 73 84 69 | 59 84 76 51 58  5 54 83   => 1
Card 4: 41 92 73 84 69 | 59 84 76 51 58  5 54 83   => 1
Card 4: 41 92 73 84 69 | 59 84 76 51 58  5 54 83   => 1
Card 5: 87 83 26 28 32 | 88 30 70 12 93 22 82 36   => 0
Card 5: 87 83 26 28 32 | 88 30 70 12 93 22 82 36   => 0
Card 5: 87 83 26 28 32 | 88 30 70 12 93 22 82 36   => 0
Card 5: 87 83 26 28 32 | 88 30 70 12 93 22 82 36   => 0
Card 5: 87 83 26 28 32 | 88 30 70 12 93 22 82 36   => 0
Card 5: 87 83 26 28 32 | 88 30 70 12 93 22 82 36   => 0
Card 5: 87 83 26 28 32 | 88 30 70 12 93 22 82 36   => 0
Card 5: 87 83 26 28 32 | 88 30 70 12 93 22 82 36   => 0
Card 5: 87 83 26 28 32 | 88 30 70 12 93 22 82 36   => 0
Card 5: 87 83 26 28 32 | 88 30 70 12 93 22 82 36   => 0
Card 5: 87 83 26 28 32 | 88 30 70 12 93 22 82 36   => 0
Card 5: 87 83 26 28 32 | 88 30 70 12 93 22 82 36   => 0
Card 5: 87 83 26 28 32 | 88 30 70 12 93 22 82 36   => 0
Card 5: 87 83 26 28 32 | 88 30 70 12 93 22 82 36   => 0
Card 6: 31 18 13 56 72 | 74 77 10 23 35 67 36 11   => 0

== Play card 5, score of 0, board doesn't change
== Play card 6, score of 0, board doesn't change

Total cards at end: 30